%YAML:1.0
cameraMatrix: !!opencv-matrix
   rows: 3
   cols: 3
   dt: d
   data: [ 558.341390, 0.0, 314.763671, 0.0,
           558.387543, 240.992295, 0.0, 0.0, 1 ]
distCoeffs: !!opencv-matrix
   rows: 5
   cols: 1
   dt: d
   data: [ 6.2567999999999999e-02, -9.6147999999999997e-02,
       1.3999999999999999e-04, -6.2480000000000001e-03, 0. ]
arucoCornersX: !!opencv-matrix
   rows: 24 
   cols: 1
   dt: d
   data: [0, 0.085, 0.17, 0.255, 0.34, 0.425, 0.50, 0, 0.085, 0.17, 0.255, 0.34, 0.425, 0.50, 0, 0, 0, 0, 0, 0.50, 0.50, 0.50, 0.50, 0.50]
arucoCornersY: !!opencv-matrix
   rows: 24
   cols: 1
   dt: d
   data: [0, 0, 0, 0, 0, 0, 0, 0.50, 0.50, 0.50, 0.50, 0.50, 0.50, 0.50, 0.085, 0.17, 0.255, 0.34, 0.425, 0.085, 0.17, 0.255, 0.34, 0.425]
arucoLength: 0.065
captureNum: 5
distanceThresh: 0.2
